Set_1	[0.08209622 0.08209622 0.08209622 0.08209622 0.08209622 0.08209622
 0.08209622 0.08209622 0.08209622 0.08209622 0.08209622 0.06609679
 0.05323895 0.04291411 0.03460362 0.0279322  0.02256981 0.01826595
 0.01481367 0.01203868 0.00980653 0.00801364 0.00657114 0.00541061
 0.00447783 0.00373075 0.00348103 0.00339729 0.00223982 0.00134934
 0.00059146 0.         0.         0.         0.         0.
 0.         0.         0.         0.         0.         0.
 0.         0.         0.         0.         0.         0.
 0.         0.         0.         0.         0.         0.
 0.         0.         0.         0.         0.         0.        ]
