Set_1	[0.08296873 0.08296873 0.08296873 0.08296873 0.08296873 0.08296873
 0.08296873 0.08296873 0.08296873 0.08296873 0.08296873 0.06678865
 0.05381707 0.04336548 0.03497422 0.02823758 0.02282923 0.01847511
 0.01498137 0.01217605 0.00991948 0.00810586 0.00664874 0.00547437
 0.00453247 0.00377441 0.00352139 0.00343701 0.00226614 0.0013793
 0.00060889 0.         0.         0.         0.         0.
 0.         0.         0.         0.         0.         0.
 0.         0.         0.         0.         0.         0.
 0.         0.         0.         0.         0.         0.
 0.         0.         0.         0.         0.         0.        ]
